4294967294,0
4294967279,136
4294967279,135
63,252
63,251
63,250
63,249
63,248
63,247
63,246
63,245
63,244
63,243
63,242
63,241
63,240
63,239
63,238
63,237
63,236
63,235
63,234
63,233
63,232
63,231
63,230
63,229
63,228
63,227
63,226
63,225
63,224
63,223
63,222
63,221
63,220
63,219
63,218
63,217
63,216
63,215
63,214
63,213
63,212
63,211
63,210
63,209
63,208
63,207
63,206
63,205
63,204
63,203
63,202
63,201
63,200
63,199
63,198
63,197
63,196
63,195
63,194
63,193
63,192
63,191
63,190
63,189
63,188
63,187
63,186
63,185
63,184
63,183
63,182
63,181
63,180
63,179
63,178
63,177
63,176
63,175
63,174
63,173
63,172
63,171
63,170
63,169
63,168
63,167
63,166
63,165
63,164
63,163
63,162
63,161
63,160
63,159
63,158
63,157
63,156
63,155
63,154
63,153
63,152
63,151
63,150
63,149
63,148
63,147
63,146
63,145
63,144
63,143
63,142
63,141
63,140
63,139
63,138
63,137
63,136
63,135
4294967279,134
4294967279,291
63,0
4294967278,388
4294967279,56
4294967279,55
4294967279,47
4294967279,38
4294967279,261
4294967278,270
4294967279,273
4294967278,282
4294967279,270
4294967279,269
4294967278,265
4294967278,280
4294967279,267
63,134
63,133
63,132
63,131
63,130
63,129
63,128
63,127
63,126
63,125
63,124
63,123
63,122
63,121
63,120
63,119
63,118
63,117
63,116
63,115
63,114
63,113
63,112
63,111
63,110
63,109
63,108
63,107
4294967279,466
4294967278,279
4294967279,475
4294967278,387
4294967279,263
4294967278,259
4294967278,384
4294967279,457
4294967279,259
4294967278,321
4294967278,320
4294967278,346
4294967278,252
63,106
63,105
63,104
63,103
63,102
63,101
63,100
63,99
63,98
63,97
63,96
63,95
63,94
63,93
63,92
63,91
63,90
63,89
63,88
63,87
63,86
4294967278,243
4294967279,243
4294967278,241
4294967279,474
4294967278,239
4294967279,430
4294967278,363
4294967294,1443
4294967294,5
4294967278,313
4294967279,234
4294967278,232
4294967278,230
4294967279,230
4294967278,228
4294967279,228
4294967293,131
4294967293,130
4294967293,129
4294967293,128
4294967293,127
4294967293,126
4294967293,125
4294967293,124
4294967293,123
4294967293,122
4294967293,121
4294967293,120
4294967293,119
4294967293,118
4294967293,117
4294967293,116
4294967293,115
4294967293,114
4294967293,113
4294967293,112
4294967293,111
4294967293,110
4294967293,109
4294967293,108
4294967293,107
4294967293,106
4294967293,105
4294967293,104
4294967293,103
4294967293,102
4294967293,101
4294967293,100
4294967293,99
4294967293,98
4294967293,97
4294967293,96
4294967293,95
4294967293,94
4294967293,93
4294967293,92
4294967293,91
4294967293,90
4294967293,89
4294967293,87
4294967293,86
4294967293,85
4294967293,84
4294967293,83
4294967293,82
4294967293,81
4294967293,80
4294967293,79
4294967293,78
4294967293,77
4294967293,76
4294967293,75
4294967293,74
4294967293,73
4294967293,72
4294967293,71
4294967293,70
4294967293,69
4294967293,68
4294967293,67
4294967293,66
4294967293,65
4294967293,64
4294967293,63
4294967293,62
4294967293,61
4294967293,60
4294967293,59
4294967293,58
4294967293,57
4294967293,56
4294967293,55
4294967293,54
4294967293,53
4294967293,52
4294967293,51
4294967293,50
4294967293,49
4294967293,48
4294967293,47
4294967293,46
4294967293,45
4294967293,44
4294967293,43
4294967293,42
4294967293,41
4294967293,40
4294967293,39
4294967293,38
4294967293,37
4294967293,36
4294967293,35
4294967293,34
4294967293,33
4294967293,32
4294967293,31
4294967293,30
4294967293,29
4294967293,28
4294967293,27
4294967293,26
4294967293,25
4294967293,24
4294967293,23
4294967293,22
4294967293,21
4294967293,20
4294967293,19
4294967293,18
4294967293,17
4294967293,16
4294967293,15
4294967293,14
4294967293,13
4294967293,12
4294967293,11
4294967293,10
4294967293,9
4294967293,8
4294967293,7
4294967293,6
4294967293,5
4294967293,4
4294967293,3
4294967278,132
4294967278,131
4294967278,130
4294967278,129
4294967278,128
4294967278,127
4294967278,126
4294967278,125
4294967278,124
4294967278,123
4294967278,122
4294967278,121
4294967278,120
4294967278,119
4294967278,118
4294967278,117
4294967278,116
4294967278,115
4294967278,114
4294967278,113
4294967278,112
4294967278,111
4294967278,110
4294967278,109
4294967278,108
4294967278,106
4294967278,100
4294967278,99
4294967278,98
4294967278,97
4294967278,96
4294967278,94
4294967278,361
4294967278,90
4294967278,89
4294967278,87
4294967278,86
4294967278,85
4294967278,84
4294967278,82
4294967278,80
4294967278,78
4294967278,77
4294967278,76
4294967278,75
4294967278,74
4294967278,73
4294967278,72
4294967278,71
4294967278,70
4294967278,69
4294967278,68
4294967278,67
4294967278,66
4294967278,65
4294967278,64
4294967278,63
4294967278,62
4294967278,61
4294967278,60
4294967278,59
4294967278,58
4294967278,57
4294967278,56
4294967278,55
4294967278,54
4294967278,53
4294967278,52
4294967278,51
4294967278,50
4294967278,49
4294967278,48
4294967278,47
4294967278,46
4294967278,45
4294967278,44
4294967278,43
4294967278,42
4294967278,41
4294967278,40
4294967278,39
4294967278,38
4294967278,37
4294967278,36
4294967278,35
4294967278,34
4294967278,33
4294967278,32
4294967278,31
4294967278,30
4294967278,29
4294967278,28
4294967278,27
4294967278,26
4294967278,25
4294967278,24
4294967278,23
4294967278,22
4294967278,21
4294967278,20
4294967278,19
4294967278,18
4294967278,17
4294967278,16
4294967278,15
4294967278,14
4294967278,13
4294967278,12
4294967278,11
4294967278,10
4294967278,9
4294967278,8
4294967278,7
4294967278,6
4294967278,5
4294967278,4
4294967279,132
4294967279,131
4294967279,130
4294967279,129
4294967279,128
4294967279,127
4294967279,126
4294967279,125
4294967279,124
4294967279,123
4294967279,122
4294967279,121
4294967279,120
4294967279,119
4294967279,118
4294967279,117
4294967279,116
4294967279,115
4294967279,114
4294967279,113
4294967279,112
4294967279,111
4294967279,110
4294967279,109
4294967279,107
4294967279,106
4294967279,100
4294967279,99
4294967279,98
4294967279,97
4294967279,442
4294967279,95
4294967279,421
4294967279,91
4294967279,89
4294967279,87
4294967279,86
4294967279,85
4294967279,83
4294967279,82
4294967279,451
4294967279,80
4294967279,79
4294967279,78
4294967279,77
4294967279,76
4294967279,75
4294967279,74
4294967279,73
4294967279,72
4294967279,71
4294967279,70
4294967279,69
4294967279,68
4294967279,67
4294967279,66
4294967279,65
4294967279,64
4294967279,63
4294967279,62
4294967279,61
4294967279,60
4294967279,59
4294967279,58
4294967279,57
4294967279,54
4294967279,53
4294967279,52
4294967279,51
4294967279,50
4294967279,49
4294967279,48
4294967279,46
4294967279,45
4294967279,44
4294967279,43
4294967279,42
4294967279,41
4294967279,40
4294967279,39
4294967279,37
4294967279,36
4294967279,35
4294967279,34
4294967279,33
4294967279,32
4294967279,31
4294967279,30
4294967279,29
4294967279,28
4294967279,27
4294967279,26
4294967278,226
4294967279,25
4294967279,24
4294967279,23
4294967279,22
4294967279,21
4294967279,20
4294967279,19
4294967279,18
4294967279,17
4294967279,16
4294967279,15
4294967279,14
4294967279,13
4294967279,12
4294967279,11
4294967279,10
4294967279,9
4294967279,8
4294967279,7
4294967279,6
4294967279,5
4294967279,4
4294967279,108
4294967294,1450
4294967278,107
4294967279,224
4294967278,222
4294967279,222
4294967278,105
63,85
63,84
63,83
63,82
63,81
63,80
63,79
63,78
63,77
63,76
63,75
63,74
63,73
63,72
63,71
63,70
63,69
63,68
63,67
63,66
63,65
4294967279,105
4294967278,104
4294967278,407
4294967279,104
154,2
159,2201
159,2200
159,2199
159,2198
159,2197
159,2196
159,2195
159,2194
159,2193
159,2192
159,2191
159,2190
159,2189
159,2188
159,2187
159,2186
159,2185
159,2184
159,2183
159,2182
159,2181
159,2180
159,2179
159,2178
159,2177
159,2176
159,2175
159,2174
159,2173
159,2172
159,2171
159,2170
159,2169
159,2168
159,2167
159,2166
159,2165
159,2164
159,2163
159,2162
159,2161
159,2160
159,2159
159,2158
159,2157
159,2156
159,2155
159,2154
159,2153
159,2152
159,2151
159,2150
159,2149
159,2148
159,2147
159,2146
159,2145
159,2144
159,2143
159,2142
159,2141
159,2140
159,2139
159,2138
159,2137
159,2136
159,2135
159,2134
159,2133
159,2132
159,2131
159,2130
159,2129
159,2128
159,2127
159,2126
159,2125
159,2124
159,2123
159,2122
159,2121
159,2120
159,2119
159,2118
159,2117
159,2116
159,2115
159,2114
159,2113
159,2112
159,2111
159,2110
159,2109
159,2108
159,2107
159,2106
159,2105
159,2104
159,2103
159,2102
159,2101
159,2100
159,2099
159,2098
159,2097
159,2096
159,2095
159,2094
159,2093
159,2092
159,2091
159,2090
159,2089
159,2088
159,2087
159,2086
159,2085
159,2084
159,2083
159,2082
159,2081
159,2080
159,2079
159,2078
159,2077
159,2076
159,2075
159,2074
159,2073
159,2072
159,2071
159,2070
159,2069
159,2068
159,2067
159,2066
159,2065
159,2064
159,2063
159,2062
159,2061
159,2060
159,2059
159,2058
159,2057
159,2056
159,2055
159,2054
159,2053
159,2052
159,2051
159,2050
159,2049
159,2048
159,2047
159,2046
159,2045
159,2044
159,2043
159,2042
159,2041
159,2040
159,2039
159,2038
159,2037
159,2036
159,2035
159,2034
159,2033
159,2032
159,2031
159,2030
159,2029
159,2028
159,2027
159,2026
159,2025
159,2024
159,2023
159,2022
159,2021
159,2020
4294967278,103
4294967279,103
4294967278,102
4294967279,102
4294967279,453
4294967278,101
4294967279,101
4294967279,408
4294967278,211
4294967279,212
4294967278,210
4294967279,211
4294967278,209
4294967279,210
4294967278,208
4294967279,96
4294967278,95
4294967278,406
4294967279,208
4294967278,206
4294967279,94
63,64
63,37
63,36
63,35
63,34
63,33
63,32
63,31
63,30
63,29
63,28
63,27
63,26
4294967279,429
4294967278,93
4294967278,375
4294967279,93
159,2019
159,2018
159,2017
159,2016
159,2015
159,2014
159,2013
159,2012
159,2011
159,2010
159,2009
159,2008
159,2007
159,2006
159,2005
159,2004
159,2003
159,2002
159,2001
159,2000
159,1999
159,1998
159,1997
159,1996
159,1995
159,1994
159,1993
159,1992
159,1991
159,1990
159,1989
159,1988
159,1987
159,1986
159,1985
159,1984
159,1983
159,1982
159,1981
159,1980
159,1979
159,1978
159,1977
159,1976
159,1975
159,1974
159,1973
159,1972
159,1971
159,1970
159,1969
159,1968
159,1967
159,1966
159,1965
159,1964
159,1963
159,1962
159,1961
159,1960
159,1959
159,1958
159,1957
159,1956
159,1955
159,1954
159,1953
159,1952
159,1951
159,1950
159,1949
159,1948
159,1947
159,1946
159,1945
159,1944
159,1943
159,1942
159,1941
159,1940
159,1939
159,1938
159,1937
159,1936
159,1935
159,1934
159,1933
159,1932
159,1931
159,1930
159,1929
159,1928
159,1927
159,1926
159,1925
159,1924
159,1923
159,1922
159,1921
159,1920
159,1919
159,1918
159,1917
159,1916
159,1915
159,1914
159,1913
159,1912
159,1911
159,1910
159,1909
159,1908
159,1907
159,1906
159,1905
159,1904
159,1903
159,1902
159,1901
159,1900
159,1899
159,1898
159,1897
159,1896
159,1895
159,1894
159,1893
159,1892
159,1891
159,1890
159,1889
159,1888
159,1887
159,1886
159,1885
159,1884
159,1883
159,1882
159,1881
159,1880
159,1879
159,1878
159,1877
159,1876
159,1875
159,1874
159,1873
159,1872
159,1871
159,1870
159,1869
159,1868
159,1867
159,1866
159,1865
159,1864
159,1863
159,1862
159,1861
159,1860
159,1859
159,1858
159,1857
159,1856
159,1855
159,1854
159,1853
159,1852
159,1851
159,1850
159,1849
159,1848
159,1847
159,1846
159,1845
159,1844
159,1843
159,1842
159,1841
159,1840
159,1839
159,1838
159,1837
159,1836
159,1835
159,1834
159,1833
159,1832
159,1831
159,1830
159,1829
159,1828
159,1827
159,1826
159,1825
159,1824
159,1823
159,1822
159,1821
159,1820
159,1819
159,1818
159,1817
159,1816
159,1815
159,1814
159,1813
159,1812
159,1811
159,1810
159,1809
159,1808
159,1807
159,1806
159,1805
159,1804
159,1803
159,1802
159,1801
159,1800
159,1799
159,1798
159,1797
159,1796
159,1795
159,1794
159,1793
159,1792
159,1791
159,1790
159,1789
159,1788
159,1787
159,1786
159,1785
159,1784
159,1783
159,1782
159,1781
159,1780
159,1779
159,1778
159,1777
159,1776
159,1775
159,1774
159,1773
159,1772
159,1771
159,1770
159,1769
159,1768
159,1767
159,1766
159,1765
159,1764
159,1763
159,1762
159,1761
159,1760
159,1759
159,1758
159,1757
159,1756
159,1755
159,1754
159,1753
159,1752
159,1751
159,1750
159,1749
159,1748
159,1747
159,1746
159,1745
159,1744
159,1743
159,1742
159,1741
159,1740
159,1739
159,1738
159,1737
159,1736
159,1735
159,1734
159,1733
159,1732
159,1731
159,1730
159,1729
159,1728
159,1727
159,1726
159,1725
159,1724
159,1723
159,1722
159,1721
159,1720
159,1719
159,1718
159,1717
159,1716
159,1715
159,1714
159,1713
159,1712
159,1711
159,1710
159,1709
159,1708
159,1707
159,1706
159,1705
159,1704
159,1703
159,1702
159,1701
159,1700
159,1699
159,1698
159,1697
159,1696
159,1695
159,1694
159,1693
159,1692
159,1691
159,1690
159,1689
159,1688
159,1687
159,1686
159,1685
159,1684
159,1683
159,1682
159,1681
159,1680
159,1679
159,1678
159,1677
159,1676
159,1675
159,1674
159,1673
159,1672
159,1671
159,1670
159,1669
159,1668
159,1667
159,1666
159,1665
159,1664
159,1663
159,1662
159,1661
159,1660
159,1659
159,1658
159,1657
159,1656
159,1655
159,1654
159,1653
159,1652
159,1651
159,1650
159,1649
159,1648
159,1647
159,1646
159,1645
159,1644
159,1643
159,1642
159,1641
159,1640
159,1639
159,1638
159,1637
159,1636
159,1635
159,1634
159,1633
159,1632
159,1631
159,1630
159,1629
159,1628
159,1627
159,1626
159,1625
159,1624
159,1623
159,1622
159,1621
159,1620
159,1619
159,1618
159,1617
159,1616
159,1615
159,1614
159,1613
159,1612
159,1611
159,1610
159,1609
159,1608
159,1607
159,1606
159,1605
159,1604
159,1603
159,1602
159,1601
159,1600
159,1599
159,1598
159,1597
159,1596
159,1595
159,1594
159,1593
159,1592
159,1591
159,1590
159,1589
159,1588
159,1587
159,1586
159,1585
159,1584
159,1583
159,1582
159,1581
159,1580
159,1579
159,1578
159,1577
159,1576
159,1575
159,1574
159,1573
159,1572
159,1571
159,1570
159,1569
159,1568
